#ChipScope Pro Analyzer Project File, Version 3.0
#Mon Sep 11 12:24:46 CDT 2017
mdiAreaHeight=0.6991869918699187
mdiAreaHeightLast=0.6991869918699187
mdiCount=0
navigatorHeight=0.17886178861788618
navigatorHeightLast=0.17886178861788618
navigatorWidth=0.18
navigatorWidthLast=0.18
signalDisplayPath=0
unit.-1.-1.username=
